function [ c1, c2, proj ] = get_expresults( )
c1 = [328.495941, 66.022141;
189.364456, 53.374908;
189.597229, 53.490189;
211.295837, 72.715279;
211.322891, 73.371353;
212.289230, 36.359509;
290.198853, 73.776733;
289.652466, 66.632980;
320.257812, 87.381882;
297.412537, 87.326630;
212.391693, 36.015133;
328.411072, 51.850185;
337.863770, 65.856720;
308.940887, 93.104233;
290.472961, 52.834969;
280.224121, 66.497498;
226.442108, 66.445114;
308.959259, 96.503723;
324.142517, 50.548435;
227.013474, 41.239056;
321.473236, 59.133976;
225.671906, 65.701851;
317.377716, 35.620369;
294.796692, 51.212208;
197.680084, 40.355762;
197.685654, 66.337784;
197.535141, 39.681767;
196.146667, 67.828362;
301.967285, 35.987610;
296.822876, 59.828003;
316.636261, 35.870300;
309.106171, 59.391567;
78.781563, 94.051582;
80.858353, 90.087486;
324.900787, 80.914848;
302.859497, 35.958439;
140.545105, 62.176514;
323.992493, 50.275738;
141.557526, 65.604919;
87.119423, 52.703014;
78.503075, 79.444664;
87.647072, 58.361046;
295.135284, 50.821468;
309.078735, 63.583473;
108.955620, 79.380249]';

c2 = [358.406799, 283.728119;
219.262131, 266.292328;
219.262131, 266.292328;
241.432098, 286.824036;
241.432098, 286.824036;
241.391541, 249.232178;
320.101227, 291.254272;
319.443390, 283.785248;
353.771637, 267.108398;
327.994568, 305.161499;
241.467163, 249.108353;
358.092743, 268.454956;
367.514618, 283.477966;
366.436981, 283.561676;
319.654572, 268.617279;
310.201080, 283.517212;
241.432098, 286.824036;
330.631470, 251.098022;
353.771637, 267.108398;
241.391541, 249.232178;
351.205200, 276.458801;
256.414276, 280.340363;
346.357788, 250.982742;
323.649078, 267.200348;
227.479507, 253.440186;
228.664429, 279.207581;
226.490540, 252.264343;
226.254898, 281.510986;
330.631470, 251.098022;
326.522614, 276.533234;
346.357788, 250.982742;
338.791260, 275.500641;
112.916077, 305.214294;
114.920341, 300.892456;
330.631470, 251.098022;
330.631470, 251.098022;
171.591568, 275.656952;
353.391907, 267.134033;
172.907333, 278.275146;
119.692627, 263.856506;
112.243599, 290.528351;
120.299286, 269.449463;
324.130157, 266.994720;
338.791260, 275.500641;
141.521729, 291.487152]';

proj = [0.003678, 0.211105, 0.325456;
0.024059, 0.189161, 0.377055;
0.023972, 0.187887, 0.376644;
0.015170, 0.207168, 0.373146;
0.015005, 0.208453, 0.373441;
0.026992, 0.180081, 0.366479;
0.005427, 0.210311, 0.341329;
0.008250, 0.208396, 0.341393;
0.004465, 0.341578, 0.331507;
-0.000896, 0.217553, 0.338767;
0.027024, 0.179397, 0.366285;
0.009338, 0.211378, 0.325508;
0.002605, 0.209892, 0.321619;
-0.004265, 0.495926, 0.335049;
0.013436, 0.203663, 0.340727;
0.009442, 0.208824, 0.345272;
0.015035, 0.096637, 0.344761;
0.007352, 0.300653, 0.340366;
0.010332, 0.210500, 0.327274;
0.018876, 0.084446, 0.341974;
0.007221, 0.209801, 0.328361;
0.016223, 0.209049, 0.367590;
0.016817, 0.206391, 0.330028;
0.013412, 0.201445, 0.338876;
0.027230, 0.182023, 0.372092;
0.019045, 0.207822, 0.378711;
0.027196, 0.176370, 0.370756;
0.018512, 0.201329, 0.377748;
0.018212, 0.200843, 0.335992;
0.010023, 0.207987, 0.338421;
0.017205, 0.211988, 0.330385;
0.008870, 0.210439, 0.333512;
0.017312, 0.227353, 0.435975;
0.018983, 0.223481, 0.433214;
0.004160, 0.064752, 0.325368;
0.017733, 0.194622, 0.335406;
0.025270, 0.188856, 0.394921;
0.010320, 0.208309, 0.327333;
0.024167, 0.195336, 0.396893;
0.031861, 0.174567, 0.407755;
0.023592, 0.208524, 0.427034;
0.030252, 0.181456, 0.410790;
0.013503, 0.202105, 0.338766;
0.008217, 0.219184, 0.333963;
0.021611, 0.208352, 0.414758]';


end

