tol_0.0000001  :  0.0875171189566  :  0.0282118025117  :  15.7951563597
tol_0.000001   :  0.0897626230568  :  0.029930165598   :  15.7027562261
tol_0.00001    :  0.0899028376206  :  0.0299204957695  :  12.4531462789
tol_0.0001     :  0.0842253035954  :  0.0258716997751  :  5.05812323838
tol_0.001      :  0.0849543195902  :  0.023134969351   :  3.61956872419
tol_0.005      :  0.0908954991063  :  0.0308365172421  :  1.53279625252
tol_0.01       :  0.0895791917611  :  0.032296133528   :  1.42051474378
tol_0.05       :  0.0684117396072  :  0.01622317801    :  0.742543946952
tol_0.1        :  0.116334787731   :  0.0370860746263  :  0.67120449245
tol_0.5        :  0.0988557438948  :  0.0406436455673  :  0.532132491469
tol_1          :  0.0988557438948  :  0.0406436455673  :  0.536680459976
tol_5          :  0.0988557438948  :  0.0406436455673  :  0.532568186522
tol_10         :  0.0988557438948  :  0.0406436455673  :  0.528740555048

tol_0.000001_NOBA_MID  :  0.121729436669   :  0.052339119893   :  0.0
tol_0.000001_NOBA_DLT  :  0.0969197650218  :  0.0393258847304  :  0.0
tol_0.000001_NOBA      :  0.0988557438948  :  0.0406436455673  :  0.0
tol_0.000001           :  0.0897626230568  :  0.029930165598   :  15.7027562261


robust_tol_0.0000001  :  1.55886341652   :  0.567309620599  :  12.934817493
robust_tol_0.000001   :  1.37414105299   :  0.492183127143  :  13.8024009466
robust_tol_0.00001    :  1.4834446381    :  0.528430316164  :  13.2059885859
robust_tol_0.0001     :  1.36150222356   :  0.479872553731  :  10.4840388894
robust_tol_0.001      :  1.034983532     :  0.397193935917  :  4.90690393746
robust_tol_0.005      :  0.142093947791  :  0.0495629729962 :  4.18590991944
robust_tol_0.01       :  0.823415005012  :  0.316300896325  :  2.77009601146
robust_tol_0.05       :  0.291411483818  :  0.112600996782  :  2.11719946936
robust_tol_0.1        :  0.244478011775  :  0.0982536795903 :  1.17620864138
robust_tol_0.5        :  0.284057820455  :  0.0860006110714 :  0.61461224407
robust_tol_1          :  0.775954169079  :  0.218538344815  :  0.529257409275
robust_tol_5          :  0.775954169079  :  0.218538344815  :  0.560289662331
robust_tol_10         :  0.775553503184  :  0.219380944042  :  0.527468636632

robust_tol_0.000001_NOBA_MID  :  0.844616151792  :  0.27019708855   :  0.0
robust_tol_0.000001_NOBA_DLT  :  0.775954169079  :  0.218538344815  :  0.0
robust_tol_0.000001_NOBA      :  0.775954169079  :  0.218538344815  :  0.0
robust_tol_0.000001           :  1.37414105299   :  0.492183127143  :  13.8024009466


robust_tol_0.005_NOBA_MID  :  0.82991847042   :  0.280056682489   :  0.0
robust_tol_0.005_NOBA_DLT  :  0.770343577665  :  0.214557181057   :  0.0
robust_tol_0.005_NOBA      :  0.777706425739  :  0.219342483902   :  0.0
robust_tol_0.005           :  0.142093947791  :  0.0495629729962  :  4.21760450304
