_tol        :  mean abs error   :  tot ba time
_0.0000001  :  0.0435308117027  :  15.4533896446
_0.00001    :  0.0482040469293  :  12.619936347
_0.0001     :  0.0510683903446  :  5.20733457059
_0.001      :  0.0432006237959  :  3.59467916191
_0.01       :  0.0365754193754  :  1.4254520908
_0.1        :  0.0679019436137  :  0.646380055696
